[array([ 0,  0,  0, -1,  0,  0]), array([-0.1273683 , -0.00316872, -0.09764709, -1.16765972, -0.0852338 ,
       -0.05741665]), array([ 0.08512661,  0.11839785, -0.01351046, -1.21767092, -0.16545059,
        0.07901654]), array([-0.04022645,  0.01829319, -0.08025188, -1.35319733, -0.30013137,
        0.09852991]), array([-0.05097312,  0.09347309, -0.0080763 , -1.36078112, -0.43220332,
        0.0891205 ]), array([-0.19185368, -0.01715123,  0.13864198, -1.38767188, -0.29407863,
        0.16171539]), array([-0.11167581,  0.13911007,  0.29741877, -1.29902361, -0.39174396,
        0.1599842 ]), array([-0.07589012, -0.03383148,  0.22161003, -1.22758361, -0.55951232,
        0.1437776 ]), array([-0.03649763, -0.18716567,  0.34221907, -1.12008621, -0.52949793,
       -0.01464929]), array([-0.1594613 , -0.17666233,  0.37096964, -1.07751771, -0.639996  ,
       -0.17338179]), array([-0.03129224, -0.05089178,  0.45216174, -0.94728118, -0.68909157,
       -0.20851037]), array([ 0.11593032, -0.07401739,  0.44831262, -0.97576018, -0.59601149,
       -0.09556587]), array([-0.01520872,  0.00636281,  0.56067684, -1.01902879, -0.48772907,
       -0.1492253 ]), array([ 0.15263043, -0.01040335,  0.61079868, -0.97874096, -0.57124414,
       -0.10979797]), array([ 0.21103353, -0.07485318,  0.66949804, -0.91511933, -0.62905446,
       -0.19721793]), array([ 0.04796111, -0.06192559,  0.74538752, -0.94916925, -0.61518239,
       -0.1472902 ]), array([ 0.02388955,  0.00874807,  0.88705828, -0.84092258, -0.53264415,
       -0.06166906]), array([ 0.02157978,  0.03384894,  0.78834337, -0.91352355, -0.43013901,
       -0.08715702]), array([ 0.17020307, -0.08616077,  0.76601948, -0.81860838, -0.54989685,
       -0.16801462]), array([ 0.60276494, -0.38528214,  0.25854415, -0.55804672, -0.30375362,
        0.32575903]), array([ 0.66491764, -0.48842447,  0.19879795, -0.45489512, -0.13866042,
        0.15536721]), array([ 0.62071552, -0.3651886 ,  0.36945805, -0.62150603, -0.11161878,
        0.02402732]), array([ 0.45009198, -0.36855973,  0.3357115 , -0.56985451, -0.17131692,
       -0.15047064]), array([ 0.39852902, -0.53505652,  0.27017182, -0.46504398, -0.04699458,
       -0.03932285]), array([ 0.53994931, -0.58516565,  0.38591727, -0.35669606,  0.00490703,
        0.09341521]), array([ 0.54390359, -0.66664142,  0.45659862, -0.52076692, -0.06767183,
       -0.00806838]), array([ 0.42789814, -0.65617776,  0.44946973, -0.53774042, -0.19479829,
        0.16269861]), array([ 0.81548373, -0.8558124 , -0.00275725, -0.32619946, -0.01063145,
        0.59875191]), array([ 0.84105863, -0.74305992, -0.02118793, -0.48618792, -0.15751444,
        0.48488261]), array([ 0.86597466, -0.71571215,  0.09198938, -0.47580701, -0.31032067,
        0.42300046]), array([ 1.05220344, -0.86647436, -0.04318659, -0.70067756, -0.29019558,
        0.64455263]), array([ 0.98949884, -0.9359466 , -0.02992705, -0.63391691, -0.31794809,
        0.54683847]), array([ 1.27906662, -1.08675237, -0.3984835 , -0.40558998, -0.11228755,
        0.91584672]), array([ 1.2818038 , -0.99281774, -0.2412037 , -0.51036488, -0.05718507,
        1.00792003]), array([ 1.12317353, -1.16388944, -0.18078027, -0.54090254,  0.03505944,
        1.17857029]), array([ 1.38941067, -1.27491168, -0.52300787, -0.32880969,  0.17910854,
        1.43732053]), array([ 1.3826767 , -1.29057455, -0.57856764, -0.31123243,  0.32237059,
        1.3604168 ]), array([ 1.35462668, -1.31839795, -0.68837351, -0.3249818 ,  0.33293397,
        1.34865088]), array([ 1.43500804, -1.24227299, -0.75744755, -0.39181977,  0.34871137,
        1.20827106]), array([ 1.29274945, -1.14817162, -0.69433648, -0.34607256,  0.39006583,
        1.09191131]), array([ 1.40890623, -1.2475999 , -0.5359445 , -0.20193296,  0.30136665,
        1.20107462]), array([ 1.4631892 , -1.09101948, -0.68490332, -0.36696787,  0.30237442,
        1.102084  ]), array([ 1.37093698, -1.08117182, -0.59243056, -0.29068654,  0.2544674 ,
        1.27204405]), array([ 1.19697477, -1.09836371, -0.63748351, -0.32169422,  0.1026334 ,
        1.43701551]), array([ 1.26578975, -1.10559595, -0.7319413 , -0.29519457,  0.11725147,
        1.52926727]), array([ 1.22122273, -0.98205247, -0.89249163, -0.17676466,  0.03809699,
        1.44407098]), array([ 1.17806126, -1.04860529, -0.85396067, -0.12301615, -0.05598209,
        1.58646598]), array([ 1.30869058, -0.99542685, -0.82900231, -0.04806543, -0.16890613,
        1.57407892]), array([ 1.23439412, -0.99070961, -0.84838039,  0.11996432, -0.130823  ,
        1.70065622]), array([ 1.38633689, -1.0055634 , -0.86558687,  0.29211971, -0.18165849,
        1.67927177]), array([ 1.28894558, -0.84067997, -0.79587938,  0.2560823 , -0.26028932,
        1.58938471]), array([ 1.56328196, -1.28370327, -1.11916554,  0.20615661,  0.07747976,
        1.94283003]), array([ 1.56510395, -1.19665232, -1.18258699,  0.25845583, -0.00638577,
        1.93687456]), array([ 1.53063346, -1.07827743, -1.23266404,  0.15844687,  0.04646736,
        2.05550896]), array([ 1.72575543, -1.20424178, -1.39130329,  0.24848022,  0.18852541,
        2.16120454]), array([ 1.79765901, -1.04950536, -1.3459563 ,  0.20151072,  0.02547911,
        2.0947227 ]), array([ 1.73301325, -1.14798622, -1.51324968,  0.04784778, -0.02212854,
        2.01905462]), array([ 1.56099432, -1.10252034, -1.65597382, -0.04391294,  0.13457979,
        1.95752096]), array([ 1.75081732, -1.2242535 , -1.74073157,  0.08143887,  0.26125931,
        2.08031867]), array([ 1.92251969, -1.05370149, -1.81551759,  0.06081752,  0.09111334,
        2.24436207]), array([ 1.99753366, -1.22052593, -1.65076497,  0.01719333,  0.16181543,
        2.13040666]), array([ 2.09850989, -1.25643021, -1.51464405,  0.1345306 ,  0.12123031,
        2.03921664]), array([ 2.19451873, -1.35130104, -1.62406851,  0.22873814,  0.25023976,
        2.14775576]), array([ 2.31712007, -1.31003959, -1.52197023,  0.21840663,  0.42452294,
        2.300434  ]), array([ 2.14819843, -1.274228  , -1.57447166,  0.22563479,  0.35653284,
        2.26567224]), array([ 2.1165415 , -1.44627225, -1.6873554 ,  0.34225527,  0.45301917,
        2.13560215]), array([ 1.98432234, -1.66294324, -1.61917735,  0.20687989,  0.23684378,
        1.93396101]), array([ 2.11876525, -1.52488231, -1.63666469,  0.14599594,  0.35038497,
        1.88665765]), array([ 2.148617  , -1.66400289, -1.67309249,  0.00249642,  0.41465462,
        1.8041938 ]), array([ 1.97970672, -1.73993972, -1.75917929,  0.01777301,  0.47002806,
        1.95617829]), array([ 2.06946398, -1.70345382, -1.6737628 ,  0.00919371,  0.49708993,
        1.98875895]), array([ 2.18240153, -1.78725035, -1.61005775,  0.02096947,  0.62114211,
        1.86179308]), array([ 2.26376851, -1.78947558, -1.70282938,  0.13499716,  0.66290049,
        2.00129845]), array([ 2.38283718, -1.88595017, -1.72470396, -0.00714477,  0.65120174,
        1.97038733]), array([ 2.40814679, -1.90074389, -1.72969328, -0.05386351,  0.81696416,
        2.02151474]), array([ 2.37573007, -1.91099628, -1.61103912, -0.12144834,  0.70298496,
        1.95670886]), array([ 2.36415467, -1.88317181, -1.72907479, -0.18557414,  0.70150741,
        1.8123204 ]), array([ 2.32571301, -1.78875506, -1.6489968 , -0.29944976,  0.8694265 ,
        1.89950858]), array([ 2.4650455 , -1.88560041, -1.51121507, -0.16629249,  0.91821054,
        1.92039275]), array([ 2.4970818 , -1.87066032, -1.621238  , -0.01958142,  0.9081207 ,
        2.04967055]), array([ 2.52771094, -1.87686348, -1.60077509, -0.11349508,  0.8765008 ,
        2.19871902]), array([ 2.42081126, -1.91120495, -1.50415478, -0.21061035,  0.77252128,
        2.21157703]), array([ 2.24991672, -1.75818794, -1.5612138 , -0.34512886,  0.62437266,
        2.29539125]), array([ 2.22735227, -1.61718396, -1.47084964, -0.46234573,  0.65014242,
        2.36370944]), array([ 2.25115607, -1.66252   , -1.62603115, -0.33805045,  0.70813956,
        2.43260199]), array([ 2.4006513 , -1.61304529, -1.57030923, -0.50907133,  0.78229491,
        2.41859797]), array([ 2.43269692, -1.56700481, -1.63372135, -0.45243352,  0.74315578,
        2.44711657]), array([ 2.39832247, -1.52603425, -1.65600403, -0.3391536 ,  0.78763684,
        2.41746116]), array([ 2.4741781 , -1.56416575, -1.63750781, -0.40134381,  0.79709889,
        2.58864753]), array([ 2.44869894, -1.43849332, -1.76933868, -0.45422381,  0.70491745,
        2.66268627]), array([ 2.48289584, -1.43811314, -1.70648174, -0.30764581,  0.69596763,
        2.61673019]), array([ 2.33431044, -1.30510246, -1.86666735, -0.3401252 ,  0.77590954,
        2.71876828]), array([ 2.38916431, -1.39147837, -1.91465215, -0.16307461,  0.79065591,
        2.70870326]), array([ 2.43215815, -1.54418352, -1.81765132, -0.23877973,  0.63841832,
        2.63005514]), array([ 2.42572666, -1.67018441, -1.75803956, -0.32838954,  0.7099062 ,
        2.69577362]), array([ 2.55456519, -1.56280703, -1.84257284, -0.16838261,  0.62226282,
        2.66689081]), array([ 2.46802791, -1.45305338, -1.87493894, -0.29603761,  0.69082102,
        2.68493395]), array([ 2.32580247, -1.54815611, -1.84349606, -0.16991612,  0.8628471 ,
        2.51065652]), array([ 2.40528571, -1.55702624, -1.83122858, -0.06805859,  0.88961574,
        2.62316849]), array([ 2.44775206, -1.59943316, -1.88539861,  0.06150743,  0.88451663,
        2.62978879]), array([ 2.48280664, -1.63443868, -1.93011419,  0.16845991,  0.88030749,
        2.63525362]), array([ 2.34821979, -1.55646285, -2.0401239 ,  0.33214472,  0.81218527,
        2.54483815]), array([ 2.49432067, -1.50551286, -2.02745357,  0.42528567,  0.81842314,
        2.59771701]), array([ 2.46585964, -1.43622384, -1.98150582,  0.56566358,  0.76570717,
        2.65317557]), array([ 2.5434747 , -1.59933767, -2.06382109,  0.50462266,  0.83179714,
        2.61791109]), array([ 2.51543724, -1.74298542, -2.10549919,  0.611183  ,  0.86879877,
        2.53043049]), array([ 2.53867853, -1.75293634, -2.11179997,  0.62219899,  0.8673329 ,
        2.55323662]), array([ 2.54885624, -1.78856254, -2.02235705,  0.67890386,  0.88773914,
        2.61536453]), array([ 2.56626481, -1.79055875, -2.04316887,  0.67810034,  0.88296756,
        2.62334687]), array([ 2.58063501, -1.79220656, -2.06034834,  0.67743705,  0.87902878,
        2.62993604]), array([ 2.59249714, -1.79356677, -2.07452943,  0.67688953,  0.87577744,
        2.63537517]), array([ 2.60228893, -1.79468958, -2.08623545,  0.67643757,  0.87309357,
        2.639865  ]), array([ 2.61037174, -1.79561643, -2.09589839,  0.6760645 ,  0.87087813,
        2.64357121]), array([ 2.62255142, -1.79701305, -2.11045911,  0.67550232,  0.86753975,
        2.64915595]), array([ 2.62709776, -1.79753437, -2.11589422,  0.67529248,  0.86629363,
        2.65124058]), array([ 2.63085061, -1.7979647 , -2.12038073,  0.67511926,  0.865265  ,
        2.65296138]), array([ 2.63394846, -1.79831993, -2.12408419,  0.67497627,  0.8644159 ,
        2.65438183]), array([ 2.63650564, -1.79861316, -2.12714127,  0.67485824,  0.86371499,
        2.65555438]), array([ 2.6386165 , -1.79885521, -2.1296648 ,  0.67476081,  0.86313641,
        2.65652227]), array([ 2.64035895, -1.79905501, -2.13174788,  0.67468038,  0.86265882,
        2.65732123]), array([ 2.64179728, -1.79921994, -2.1334674 ,  0.67461399,  0.86226458,
        2.65798075]), array([ 2.64298458, -1.79935609, -2.13488681,  0.67455919,  0.86193915,
        2.65852516]), array([ 2.64396466, -1.79946847, -2.13605848,  0.67451395,  0.86167052,
        2.65897456]), array([ 2.64477368, -1.79956124, -2.13702566,  0.67447661,  0.86144877,
        2.65934552]), array([ 2.6454415 , -1.79963782, -2.13782403,  0.67444579,  0.86126573,
        2.65965173]), array([ 2.64599276, -1.79970103, -2.13848306,  0.67442034,  0.86111463,
        2.6599045 ]), array([ 2.64644781, -1.79975321, -2.13902707,  0.67439934,  0.8609899 ,
        2.66011316]), array([ 2.64682344, -1.79979628, -2.13947613,  0.674382  ,  0.86088694,
        2.66028539]), array([ 2.64713351, -1.79983184, -2.13984682,  0.67436769,  0.86080196,
        2.66042757])]
